.Random.seed <-
c(403L, 10L, -1271880379L, 1709863327L, -140274906L, -1214682192L, 
-1332897709L, 873665393L, 73720480L, 231773758L, -1440735927L, 
-139533317L, 559777738L, 1858353452L, -908503761L, -648422427L, 
418128540L, -1118165262L, 1795618669L, 2092351655L, -883047730L, 
-31920088L, -559903701L, -698007991L, -1582991528L, -801496570L, 
611224545L, 893626739L, 1211173346L, 1439739220L, -1783479209L, 
-211605427L, 164654052L, 870271434L, -245673931L, 566201999L, 
335880086L, 1313481536L, -1818620413L, -216640479L, 1320687376L, 
-1036530450L, -793750375L, -1244217045L, -2034206694L, -562040100L, 
1607250655L, -1945441099L, -2055386548L, 393885346L, -601416195L, 
89732855L, -1696374754L, 1311306456L, -1541499333L, 2053415897L, 
1099125096L, -1281873770L, -473913839L, 65789891L, -1744034862L, 
-1625891228L, -887280217L, 918553341L, -1969539340L, -1086397990L, 
-693525211L, -2145704897L, 202888134L, -195674032L, -1062867853L, 
-1715208047L, 600121536L, 1638107806L, 259638889L, 743831195L, 
-1523524694L, -175554612L, -1676594545L, -1948869947L, -626593156L, 
-1398530350L, -1195836851L, 1464997639L, -348390674L, 1672409032L, 
1980412107L, -185560791L, -1896044168L, -2068365658L, 1228712129L, 
-752443053L, 348687874L, 1431230260L, 2005554359L, 642172077L, 
-686857788L, 65503722L, 1318395477L, -680742929L, 472326134L, 
-1411852000L, 480597731L, 2102669185L, -362137104L, 1260202126L, 
1480085497L, 1449895307L, 1674330554L, -1106689860L, 1904010239L, 
-141594283L, -1467684244L, -662274366L, 168372509L, -823640169L, 
678066942L, 2048319672L, 1144580763L, -1456224007L, 1195014728L, 
2131305846L, 1114830001L, 1804663011L, -552044622L, -903026684L, 
-284771513L, -816524771L, -725096300L, 1193912378L, 1408486021L, 
-1820820641L, 1149735910L, -1082532240L, 509809043L, 860640817L, 
-1385624352L, 1470815614L, -84209655L, 1141375035L, 1123700234L, 
1245535724L, -688729489L, -425910875L, -1180541604L, -1641963214L, 
-489553875L, 942849767L, 43111438L, 949345768L, -1939912725L, 
-862463863L, 775633944L, 1947409222L, -202380895L, -521480141L, 
-1806592606L, -1449922412L, -979757289L, 1411211533L, -990476252L, 
-900184054L, -1747976843L, -1296012081L, -789725226L, 1373470592L, 
1194292163L, 1992865121L, 11815888L, -582194386L, -580299047L, 
1129825515L, -2000779942L, 441792284L, 1362833951L, 1877955189L, 
-64905460L, -128740638L, 1558546365L, 589447223L, 1061112542L, 
-1697040872L, -1448093317L, -58322663L, 867597736L, 1931862358L, 
-1341972015L, -549232253L, -779198446L, -1489923164L, 1500783463L, 
-1098336067L, -2024406988L, -969976934L, -1561698331L, 839445375L, 
-2033476858L, 352916624L, -178969293L, -545275183L, 1908590720L, 
-737545890L, 588449449L, -494407333L, 924457834L, 1203393036L, 
924856911L, 777035525L, -676866116L, 976376466L, -603612787L, 
-1164394041L, 1952162478L, 580545288L, 44357899L, 1140058089L, 
710623416L, 1687152486L, -1371913215L, 382710419L, 993285442L, 
-1951548684L, 1141589751L, 789710573L, 1196773764L, -852664406L, 
935388437L, -277114961L, 786956214L, 1468690068L, 701544066L, 
551667904L, -592403652L, 1370856592L, 407977506L, -1477259256L, 
1305910540L, 1840393372L, -318783982L, -410828928L, 1269681684L, 
510732840L, -394971846L, -1776350768L, -1414548372L, -541578956L, 
831461010L, 1328761696L, -1960791220L, 2071345120L, -652847198L, 
488245160L, -651367028L, -1036121924L, 1384302962L, -696036112L, 
1229058116L, 327917912L, -489757126L, -621167760L, 490092604L, 
1979473684L, 1405396418L, -1809040672L, 611178364L, 926097104L, 
-594798430L, -683389912L, -1573591796L, 1010034620L, -2041140942L, 
1962764736L, -1436857804L, -780674104L, -86509382L, 560540048L, 
783651308L, 2067415636L, 1097429138L, 390836000L, 1691265484L, 
356308448L, 832894658L, -621124568L, -1916226900L, 1649566908L, 
1040460274L, 2145202480L, -589867868L, 852641464L, 926170458L, 
1693119888L, -169651332L, 669083924L, -17726654L, -1493624064L, 
-1885947972L, 128245584L, -729087198L, -706437816L, 122104332L, 
-1212381092L, 1787067602L, 1478629888L, -2014548652L, 1475697128L, 
-2124788742L, 1762427088L, -972223188L, 1926669044L, 2093603218L, 
1374008416L, 2144052492L, -1011952928L, -721467038L, 1157831336L, 
-1162640820L, -193384068L, -178256590L, -1400131472L, 455296836L, 
-2147435048L, 1357286522L, 618917424L, 1824574140L, -1690493100L, 
-1594256318L, -1759887968L, -197653828L, -2134263344L, 930643298L, 
1274310632L, 1783318476L, -2077257988L, 851141106L, -1553692544L, 
-1684110092L, -72120696L, -452503750L, 1457861456L, -886331796L, 
-35340140L, -1033875118L, -1798865184L, 1052242636L, -395317088L, 
-316785790L, -6884632L, 1087771372L, -1470751684L, 952210034L, 
54293616L, -1758624220L, 215139384L, -1482082278L, 804428496L, 
400266300L, -772332396L, -1140941694L, -400177216L, -1291167428L, 
-1698327920L, 1672637474L, 184271880L, 1705920652L, 1019804700L, 
1728190098L, -1290713984L, 51728404L, 607823144L, -41546182L, 
149300432L, -1423420308L, 337113780L, 238065682L, -651048992L, 
1813016524L, 1047039456L, -1720615390L, -1847154392L, 631181580L, 
420783676L, -1653174030L, 62925552L, -1401236668L, 1791072856L, 
1816412730L, 346015472L, -248329028L, 1333317140L, -787758910L, 
604463200L, 1018719612L, -1866122032L, 72879138L, -1993131352L, 
-858292340L, 163338684L, 509494322L, 1823868736L, 1423382708L, 
-1570753720L, 2038352570L, 889310992L, -1665468180L, -692612012L, 
1580644114L, -682871904L, -1473896500L, 99560288L, -1518083902L, 
-497351128L, 1704121772L, 443256636L, -51355790L, 1730835248L, 
-224320988L, -1893912520L, -1753920294L, 1685209488L, -913082628L, 
1997852564L, 862413634L, 129702400L, 1906860604L, 1386436176L, 
-1160768862L, -2095531192L, -624158196L, -1227281188L, -1763904942L, 
-519878528L, 447249236L, -1294724632L, 1936141050L, 561436496L, 
894067756L, 1908692340L, -2041307502L, -1679279520L, 509809292L, 
-472224928L, 1956917986L, -1352542040L, 1837322444L, 1797145084L, 
1559101362L, -893413904L, -976638524L, -1350043816L, 1177181050L, 
-1574470224L, -2009185860L, -2010881964L, -268045374L, -689478880L, 
496950472L, -517637647L, 667334499L, 1040674660L, 528778898L, 
-184786073L, -1216852687L, -1293228426L, 2146555796L, 2059428773L, 
-891661137L, -1801565848L, 680751430L, 2083014899L, -1070934443L, 
396737074L, -1697085440L, -12378903L, 1335565147L, 1899904428L, 
1129227706L, 923476847L, 644838649L, 119351694L, -1427022756L, 
-2118373683L, -1848178121L, -697417536L, 990957470L, 740004971L, 
-117623827L, -2062494118L, 1582733592L, -485022079L, -839910349L, 
-1529574828L, 2109455970L, 96932087L, -2006973631L, 750303686L, 
1034961668L, 366880437L, 1606406559L, 863669752L, -1574698026L, 
400875107L, 1362288165L, -1420579390L, 773513904L, -330192167L, 
1032375371L, -265809220L, 484053226L, -1032123105L, -758983255L, 
858436414L, 1902906924L, -1711784835L, 71354055L, 2127691696L, 
793989582L, -1472574725L, 401037661L, 1819093642L, 1789843624L, 
23784465L, -1599488765L, 1536692228L, 333226034L, 265570439L, 
-2041543471L, -1739465130L, -2088653260L, -438319803L, 2031978383L, 
644133640L, 621671718L, 1189359059L, 289908533L, 304033426L, 
435411552L, -915113015L, 9485051L, -1646885684L, -93479590L, 
836415567L, 1140530457L, 1460148014L, -2040239812L, 1532124845L, 
-806708905L, -283109216L, -1661950466L, -62031669L, 1715865293L, 
-2124082694L, -1278055880L, 1607641057L, -1937760109L, 640107188L, 
-765128766L, -1041335337L, 1815188513L, -1872813082L, -1376579868L, 
-745006571L, -587689409L, 982133208L, -2108727306L, 1544316931L, 
2011841349L, 536987490L, -2118129456L, 86397945L, -498192597L, 
-1856533348L, -1323973942L, 969231295L, -341211383L, -59740130L, 
-141688372L, -1236530275L, 47547943L, 1440304208L, 986100974L, 
911126939L, 1764468733L, -806526230L, -8309368L, 1718629169L, 
-431363165L, 490830756L, -1693133230L, -1553386073L, 270414321L, 
-1858443978L, 1795509716L, -1920195739L, -273323153L, -272276056L, 
112655110L, 1305706035L, 726856853L, 612609266L, 666524992L, 
-1262394711L, -1728189669L, -824501012L, 1860165882L, 1627349295L, 
